Epoch	AverageEpRet	StdEpRet	MaxEpRet	MinEpRet	EpLen	AverageVVals	StdVVals	MaxVVals	MinVVals	TotalEnvInteracts	LossPi	LossV	DeltaLossPi	DeltaLossV	Entropy	KL	ClipFrac	StopIter	Time
0	21.21054	1.9319239	23.796316	10.928586	49.5625	0.016492175	0.07552791	0.25597113	-0.2711235	4000	-5.698204e-08	108.837746	-0.007041401	-79.657364	0.67860407	0.010754731	0.0315	79.0	5.14385199546814
1	20.178782	0.9931819	21.854668	18.253618	48.780487	7.702501	0.7575197	7.8369055	2.5125442	8000	-2.2172928e-08	25.515318	-0.009992905	-2.7738113	0.64881426	0.011963062	0.24625	79.0	10.471561193466187
2	18.425425	0.89969367	20.164896	15.284467	48.73171	8.851162	0.4712464	8.964221	5.6236167	12000	3.5762786e-09	19.300941	-0.008012322	-1.4627647	0.66365784	0.0109613715	0.1895	79.0	15.718249082565308
3	16.963142	0.96294165	18.646833	11.9149275	48.925926	8.0297785	0.27707162	8.253453	6.1887674	16000	1.7404556e-08	15.586348	-0.006859562	-7.1210833	0.6158585	0.003725248	0.09325	79.0	20.610010147094727
4	15.803595	0.66027635	17.172867	14.340574	48.802467	7.0251846	1.2897519	8.5076885	5.4842525	20000	-2.0623206e-08	6.523248	-0.0074700024	-4.4261127	0.6234396	0.005723398	0.03475	79.0	25.435530185699463
5	14.636178	0.66508406	15.912308	13.033805	48.91358	6.8353744	2.7791576	9.910174	2.9872444	24000	1.3113022e-08	1.5895752	-0.0066368794	-0.7920691	0.60534084	0.0093687745	0.09925	79.0	30.512431144714355
6	13.575237	0.5339636	14.549522	12.458169	48.876545	6.417631	3.0870314	10.467262	1.9190484	28000	1.4781952e-08	0.8595803	-0.008587396	-0.35222334	0.60496783	0.009479382	0.06175	79.0	35.30298113822937
7	12.583171	0.5210545	13.424896	11.480137	49.197533	5.9687767	3.0541203	10.488923	1.5677309	32000	-2.4080277e-08	0.7731026	-0.008520593	-0.3300918	0.5878182	0.007866742	0.11075	79.0	40.12358117103577
8	11.599643	0.61177444	12.3478565	8.917393	49.6	5.5323887	2.8105078	10.335326	1.522961	36000	-2.193451e-08	0.7016123	-0.011021192	-0.30145726	0.5985764	0.0060847	0.13475	79.0	44.96419906616211
9	10.735361	0.47099188	11.371951	8.474906	49.296295	5.0865226	2.530574	9.881015	1.3455493	40000	9.298325e-09	0.44976327	-0.01149164	-0.18307483	0.58550775	0.016177729	0.12575	79.0	49.78694486618042
10	9.965598	0.38728333	10.539293	9.003384	49.4625	4.7248874	2.4583719	9.227475	1.1721379	44000	-2.0980835e-08	0.45024505	-0.007347105	-0.22804151	0.59289104	0.008316868	0.08475	79.0	54.66417908668518
11	9.272718	0.29507136	9.739937	8.324033	49.6125	4.3704877	2.2551367	8.580511	1.1171014	48000	4.5776368e-08	0.31585848	-0.0050938013	-0.14489442	0.58273077	0.005518036	0.02225	79.0	59.418172121047974
12	8.531715	0.27445206	9.025229	7.72545	49.675	4.0573015	2.0952115	8.0456505	0.99491453	52000	-1.3589859e-08	0.2964178	-0.008228119	-0.15358874	0.5853436	0.015288919	0.178	79.0	64.18953895568848
13	7.914817	0.2036321	8.272132	7.341358	49.7625	3.7236576	1.9394143	7.451052	0.8785046	56000	7.629395e-09	0.2070033	-0.008912103	-0.11712575	0.5814625	0.016295616	0.12575	79.0	68.97677302360535
14	7.2768188	0.20923863	7.6351833	6.6151958	49.75	3.4478443	1.782472	6.925793	0.7284472	60000	1.7404556e-08	0.19352023	-0.005758553	-0.11073005	0.581087	0.011185965	0.033	79.0	73.73820900917053
15	6.7229524	0.19545151	7.0582886	6.11936	49.825	3.1589043	1.6463298	6.3362846	0.66604686	64000	1.013279e-08	0.13607949	-0.008030676	-0.08163184	0.5817616	0.014899652	0.0735	79.0	78.52843999862671
16	6.20004	0.1824558	6.526514	5.688279	49.825	2.9133756	1.5273111	5.9624453	0.535776	68000	5.00679e-09	0.11465061	-0.006538005	-0.06890878	0.5772097	0.0061753127	0.04325	79.0	83.30176305770874
17	5.751863	0.14682776	6.0158844	5.4369683	49.925	2.692176	1.4131092	5.602092	0.4800735	72000	7.7486035e-09	0.088410415	-0.006911733	-0.05630605	0.5641518	0.009202793	0.04325	79.0	88.09734797477722
18	5.3119307	0.12832181	5.5404263	4.9364285	49.9	2.485005	1.3080189	4.6828103	0.41742858	76000	-3.71933e-08	0.07300255	-0.004392893	-0.046902135	0.56563497	0.013112635	0.18475	79.0	92.88945007324219
19	4.893724	0.11501088	5.1174073	4.671809	49.9375	2.2978504	1.2066039	4.33787	0.37856278	80000	-1.859665e-08	0.06502441	-0.003989457	-0.044067137	0.57413524	0.012216843	0.0315	79.0	97.69365692138672
20	4.5186324	0.13132887	4.7236114	4.0182176	49.9375	2.110616	1.118498	4.7712417	0.3275408	84000	3.170967e-08	0.0528014	-0.0045899437	-0.03491561	0.57471627	0.0082841255	0.02375	79.0	102.56181597709656
21	4.169066	0.11356366	4.3583417	3.6847193	49.9	1.9502826	1.030872	4.4860606	0.28465223	88000	-3.8743018e-08	0.043723	-0.008195028	-0.028981559	0.57201195	0.011593413	0.048	79.0	107.41501522064209
22	3.8142562	0.11843671	4.032069	3.4520955	49.975	1.8032254	0.9444014	4.222402	0.25527036	92000	2.3841857e-09	0.05192518	-0.008521746	-0.032430623	0.5695349	0.008522708	0.18275	79.0	112.21269106864929
23	3.5366085	0.1012779	3.6928988	3.2174225	50.151897	1.6550117	0.86269534	3.1029806	0.2848232	96000	-3.7074088e-08	0.035808317	-0.0028567505	-0.021177955	0.54951745	0.0057318485	0.0145	79.0	117.0297782421112
24	3.2638147	0.09741931	3.4219143	2.985154	50.037975	1.5205115	0.8059794	3.6927798	0.25724226	100000	1.8835069e-08	0.029194027	-0.0057347226	-0.017245486	0.51884574	0.0073947655	0.044	79.0	121.82338190078735
25	3.020663	0.07981765	3.156056	2.6957643	49.925	1.4105192	0.74200535	2.6614397	0.2366714	104000	1.0251999e-08	0.022519091	-0.003294758	-0.014745599	0.5293534	0.0042940886	0.013	79.0	126.64021492004395
26	2.7852213	0.074894875	2.908927	2.6309338	50.050632	1.3055927	0.6855354	3.31845	0.18493119	108000	-1.6093255e-08	0.021603962	-0.004915902	-0.014027679	0.54790777	0.0055575874	0.03975	79.0	131.43641304969788
27	2.5737197	0.062049236	2.6891696	2.4374256	50.07595	1.2036608	0.6322754	2.2849634	0.18163124	112000	-4.649162e-08	0.017086761	-0.005932744	-0.011445744	0.53751445	0.009567299	0.1575	79.0	136.2369430065155
28	2.377564	0.059715036	2.4873705	2.1761186	50.02532	1.1063421	0.58953464	2.9643188	0.15556026	116000	5.4359436e-08	0.013975762	-0.0059256363	-0.009045468	0.5388956	0.00917759	0.087	79.0	141.02387404441833
29	2.1937966	0.05577666	2.299808	2.0036345	49.9875	1.0278555	0.541341	2.7949748	0.13863745	120000	-4.386902e-08	0.012091984	-0.004639213	-0.008605063	0.5372783	0.006011085	0.00575	79.0	145.80783605575562
30	2.0227916	0.05171373	2.1196086	1.8762158	50.012657	0.9467489	0.49970722	1.7982683	0.10652331	124000	6.4969065e-08	0.010366539	-0.005591505	-0.007273022	0.52526414	0.014773453	0.0585	79.0	150.6753499507904
31	1.868882	0.04316993	1.9462501	1.7971139	50.012657	0.87060463	0.46409786	1.6617382	0.09538638	128000	4.2676927e-08	0.008128793	-0.0049831313	-0.0058206464	0.53072655	0.005147237	0.03375	79.0	155.47828912734985
32	1.7225722	0.040097542	1.8000784	1.6073945	50.037975	0.80492884	0.42728025	1.535122	0.07397236	132000	3.388524e-08	0.0077776676	-0.00580393	-0.0052859746	0.52779496	0.006534092	0.06675	79.0	160.29359817504883
33	1.5879259	0.039298285	1.6641781	1.4712212	49.9	0.74119794	0.39758188	1.4166174	0.06577252	136000	3.218651e-08	0.0062814592	-0.008154625	-0.0043307496	0.5304781	0.01061852	0.0935	79.0	165.14284992218018
34	1.4711901	0.03476356	1.5353657	1.4161813	49.9625	0.6830847	0.37010428	1.3087987	0.061231814	140000	1.3351441e-08	0.005089993	-0.005420266	-0.0036138513	0.5122747	0.0035714707	0.083	79.0	169.9577751159668
35	1.3545943	0.033920553	1.4146178	1.2523701	49.95	0.63426805	0.34008658	1.9807558	0.047979794	144000	-4.148483e-08	0.0050450303	-0.007031474	-0.003432652	0.4743685	0.0069771097	0.0405	79.0	174.7703709602356
36	1.2529438	0.02975394	1.3025615	1.1932381	49.9875	0.5838965	0.3141668	1.1148422	0.039568488	148000	9.536744e-10	0.0037707924	-0.007605481	-0.0026926086	0.4510081	0.011792474	0.1245	79.0	179.55104517936707
37	1.1581606	0.027121766	1.2042336	1.1144422	50.0	0.53892154	0.2917082	1.0321448	0.0340954	152000	-5.722046e-09	0.0032153795	-0.0041070837	-0.0023128856	0.41551012	0.0070466828	0.0905	79.0	184.29872393608093
38	1.0660238	0.027686484	1.1100655	0.9789041	49.9	0.50053686	0.26754788	0.95611745	0.018758144	156000	5.51939e-08	0.0029835107	-0.004425181	-0.0021304018	0.44477797	0.0059249685	0.01675	79.0	189.08020496368408
39	0.98594606	0.023180284	1.0275683	0.94486254	49.9875	0.46024588	0.24763547	0.88329893	0.010893568	160000	6.532669e-08	0.0024348698	-0.003672586	-0.0017128915	0.43265218	0.005961123	0.035	79.0	193.8261730670929
40	0.90830535	0.021371195	0.94793195	0.8539139	49.925	0.4249477	0.23001125	0.8166448	0.0019243583	164000	4.6491624e-09	0.0022276966	-0.003828265	-0.0015274524	0.44229162	0.0062429896	0.05925	79.0	198.638347864151
41	0.8373095	0.021489166	0.87487924	0.75117576	49.9625	0.39359438	0.21034193	1.4598498	-0.0035371147	168000	3.2901763e-08	0.002123882	-0.006081304	-0.0013826658	0.45187557	0.0038324497	0.0345	79.0	203.38967895507812
42	0.77165467	0.018949123	0.8071667	0.7195871	49.9375	0.36223304	0.193512	0.6926785	-0.0139625855	172000	1.3828277e-08	0.0016491654	-0.004621003	-0.0011223025	0.4397369	0.004070861	0.0135	79.0	208.1508331298828
43	0.71100426	0.017316777	0.7413526	0.68137723	49.9625	0.33405858	0.177698	0.6387387	-0.024297569	176000	-5.8650972e-08	0.0014088848	-0.0071717678	-0.00096543867	0.44582766	0.009788904	0.084	79.0	213.06286001205444
44	0.65542185	0.016624555	0.68401974	0.600848	49.9375	0.30667168	0.1653797	0.58764946	-0.037401598	180000	6.437302e-09	0.0012111661	-0.0051753214	-0.0007845531	0.423396	0.007024674	0.0495	79.0	217.75728702545166
45	0.6059743	0.014602528	0.6315201	0.57167244	49.9625	0.2822286	0.15297721	0.54030144	-0.050914053	184000	2.9087067e-08	0.0009835563	-0.0043375446	-0.0006233161	0.413912	0.00950038	0.05125	79.0	222.46930408477783
46	0.5580961	0.01285742	0.58201975	0.53722495	49.975	0.26217392	0.13871218	0.49792635	-0.06302695	188000	7.629395e-09	0.00090335583	-0.0062132613	-0.00058354915	0.41576663	0.010264717	0.10175	79.0	227.2381842136383
47	0.51402676	0.012383455	0.53852886	0.49447706	49.95	0.24098031	0.12864631	0.45742676	-0.076463304	192000	-1.180172e-08	0.0007919045	-0.006888066	-0.00048251008	0.41358873	0.005886333	0.11225	79.0	232.26187705993652
48	0.47380686	0.012139094	0.49362722	0.42233562	49.9625	0.22171317	0.119772375	1.0676078	-0.08865655	196000	3.3378602e-09	0.00084215804	-0.008901928	-0.00042147833	0.40633646	0.009418914	0.1025	79.0	236.96186423301697
49	0.43791467	0.0101274615	0.45671302	0.4203807	50.0	0.20461415	0.10961759	0.38573712	-0.043059424	200000	-7.772446e-08	0.00059505727	-0.0065050926	-0.000350078	0.42435828	0.009073246	0.07975	79.0	241.61656498908997
50	0.40395832	0.009665667	0.42079353	0.37629467	49.95	0.18847427	0.1024942	0.35568756	-0.103431925	204000	2.5749207e-08	0.00052178284	-0.0055388273	-0.00029042255	0.4200462	0.0057548136	0.047	79.0	246.33746814727783
51	0.37298596	0.00865181	0.38974732	0.3588945	50.012657	0.17462814	0.09380446	0.3281381	-0.027745958	208000	4.7445297e-08	0.0004758476	-0.0032914632	-0.0002662571	0.4190229	0.006581965	0.0555	79.0	250.99245500564575
52	0.34442586	0.008081954	0.35884133	0.32703722	50.0	0.16083951	0.087593704	0.3021534	-0.040016312	212000	4.172325e-08	0.000423813	-0.005189525	-0.00022995997	0.39201438	0.006411053	0.059	79.0	255.65656805038452
53	0.31776345	0.0073586213	0.3305214	0.30346298	50.0	0.14878187	0.08034931	0.27847672	-0.027100954	216000	-1.525879e-08	0.00035914418	-0.0040003927	-0.00019091327	0.4092979	0.0067399302	0.056	79.0	260.3370130062103
54	0.29316807	0.007165981	0.30511507	0.26897636	49.975	0.13742445	0.07489711	0.25956947	-0.03900351	220000	3.8146972e-08	0.00032850556	-0.006478579	-0.00017378252	0.4105503	0.0079908585	0.0755	79.0	265.03171491622925
55	0.27101105	0.0063784267	0.28283533	0.25996882	50.0	0.12668899	0.06950756	0.23664942	-0.025254156	224000	2.0980835e-08	0.0002953292	-0.0056982758	-0.00015156016	0.38497233	0.007524184	0.03125	79.0	269.7523832321167
56	0.25003687	0.0059713596	0.26156116	0.2404812	50.0	0.11694025	0.06396768	0.21829784	-0.011572126	228000	-6.186962e-08	0.0002589744	-0.0026485312	-0.0001271046	0.36928526	0.007498545	0.03075	79.0	274.43395805358887
57	0.23096366	0.005555567	0.24060032	0.21639909	49.9625	0.10813562	0.05936473	0.20701395	-0.04586875	232000	-3.3378602e-09	0.00022950699	-0.0046180445	-0.00010903836	0.35235876	0.007949953	0.05625	79.0	279.50968408584595
58	0.212948	0.0051428596	0.22288544	0.20366174	50.0	0.09970662	0.05492971	0.1875352	-0.001867719	236000	-5.853176e-08	0.00020230649	-0.0034824498	-9.524131e-05	0.36539033	0.005252056	0.065	79.0	284.33352994918823
59	0.19670646	0.004621516	0.20517468	0.187437	49.975	0.09233309	0.050522227	0.17342111	-0.0031303503	240000	-1.4185906e-08	0.00018201685	-0.004523309	-8.317261e-05	0.3559488	0.0092582945	0.0725	79.0	289.3692190647125
60	0.1811956	0.004360157	0.18919018	0.17160454	49.925	0.085330695	0.04694112	0.16086231	0.0016805343	244000	-1.5854836e-08	0.00017067898	-0.003760334	-7.5844866e-05	0.34638923	0.0049064346	0.05825	79.0	294.09772419929504
61	0.16739677	0.0038707454	0.17426814	0.16053736	50.0	0.078333125	0.042886063	0.1483832	0.008890931	248000	3.6358834e-08	0.00013980988	-0.0050423066	-5.748772e-05	0.35696548	0.007136791	0.04825	79.0	298.9895021915436
62	0.15451583	0.0035548997	0.16147378	0.14753263	49.9	0.07316559	0.03930614	0.13758355	0.008575477	252000	8.392334e-08	0.00012662301	-0.0032440147	-5.6470584e-05	0.3514075	0.0065383324	0.0535	79.0	351.0153241157532
63	0.14241712	0.0033789827	0.14846298	0.13617331	49.8625	0.06723448	0.036597848	0.12734675	0.009582005	256000	3.385544e-08	0.0001093154	-0.0020474903	-4.8099086e-05	0.33140808	0.0046786736	0.03325	79.0	356.1516351699829
64	0.13124475	0.0030152341	0.13687402	0.12505522	49.8125	0.06197585	0.033707652	0.11761977	0.00900365	260000	-9.417534e-09	9.3996445e-05	-0.0025414473	-4.073088e-05	0.31988403	0.0076617585	0.06	79.0	360.9096009731293
65	0.12116785	0.0028673464	0.12639031	0.115027845	49.85	0.057063356	0.031109836	0.10867197	0.008488901	264000	-2.1636486e-08	7.949742e-05	-0.002269417	-3.3888944e-05	0.30183575	0.0030019358	0.02875	79.0	365.82844519615173
66	0.11148296	0.0026143952	0.11625335	0.10659236	49.7125	0.052823655	0.028566016	0.10042165	0.00798149	268000	3.0994416e-09	7.127881e-05	-0.00277543	-3.161136e-05	0.2829877	0.006487105	0.05	79.0	370.4797532558441
67	0.10276675	0.0025691981	0.1075693	0.09794425	49.6875	0.048505966	0.026231736	0.09656027	0.0073316395	272000	2.3961068e-08	5.944931e-05	-0.0041222386	-2.5491103e-05	0.2772778	0.009541004	0.0555	79.0	375.15896010398865
68	0.09501436	0.002219501	0.098930806	0.090853035	49.8875	0.04419064	0.02463376	0.085399196	0.0053556412	276000	5.9604643e-10	4.651774e-05	-0.0030103875	-1.91161e-05	0.26525825	0.0049683135	0.06825	79.0	379.4874939918518
69	0.0874478	0.002137967	0.09113464	0.083229624	49.7625	0.0413498	0.022275357	0.07885694	0.006396942	280000	2.9444694e-08	4.182754e-05	-0.0023795983	-1.8460189e-05	0.27019387	0.0057180375	0.01975	79.0	384.12813997268677
70	0.080540985	0.0019646995	0.08426883	0.076684155	49.775	0.037884276	0.02064544	0.087096944	0.0053771622	284000	-3.5762786e-09	3.688399e-05	-0.0041237124	-1.5352258e-05	0.27706388	0.008511844	0.02725	79.0	388.8296220302582
71	0.074342355	0.0018102508	0.077699296	0.07081321	49.775	0.035022516	0.018771451	0.08321673	0.005339384	288000	-5.3644182e-09	2.892003e-05	-0.0037725389	-1.2437964e-05	0.29013267	0.007232848	0.029	79.0	393.49962615966797
72	0.06855135	0.0016965903	0.07169274	0.06520681	49.7	0.032463145	0.017213598	0.061648455	0.003563162	292000	2.2411346e-08	2.4465937e-05	-0.0014801669	-1.1277954e-05	0.28183752	0.005408232	0.048	79.0	2312.3802778720856
73	0.06325442	0.0016233259	0.06602975	0.058707137	49.7625	0.029759394	0.016031826	0.076493725	0.0028367154	296000	-2.5749207e-08	2.0059577e-05	-0.0022731768	-9.054405e-06	0.27458838	0.004074033	0.0305	79.0	2317.1292641162872
74	0.058197536	0.0015220697	0.060973138	0.055396274	49.5625	0.027687976	0.014619037	0.05239823	0.0015483461	300000	5.7041646e-08	1.7448707e-05	-0.0024719585	-8.336952e-06	0.26586902	0.0042874776	0.01325	79.0	2321.821550130844
75	0.0536849	0.0012678122	0.056113824	0.05126717	49.65	0.025311057	0.013637345	0.070695445	0.000711482	304000	1.4066696e-08	1.3970622e-05	-0.0023174265	-6.73469e-06	0.26973125	0.005158144	0.04125	79.0	4555.49129319191
76	0.049366884	0.0014320386	0.051722128	0.04546357	49.5875	0.023283307	0.01275221	0.06809619	-0.063099146	308000	2.8133393e-08	1.5160634e-05	-0.0076773795	-6.980311e-06	0.2767333	0.008043886	0.05875	79.0	4561.754595041275
77	0.04568843	0.0011262554	0.047917042	0.041986708	49.775	0.021411564	0.011302023	0.06507313	0.0041770376	312000	2.2411346e-08	9.866517e-06	-0.0028765423	-4.364487e-06	0.26143262	0.0039767483	0.03	79.0	4578.418621063232
78	0.042215846	0.0010992222	0.044099525	0.039133143	49.8375	0.019804595	0.010609762	0.06276458	0.0008601472	316000	-4.172325e-09	7.756e-06	-0.002172486	-3.7331852e-06	0.25353774	0.003903034	0.032	79.0	4595.590445995331
79	0.038947534	0.00095515524	0.040677615	0.03719741	49.825	0.018327106	0.009765894	0.034360632	-0.0014593452	320000	-3.671646e-08	6.116177e-06	-0.0021293084	-3.160665e-06	0.25802138	0.0029957748	0.012	79.0	7282.636659145355
80	0.035771705	0.00086855545	0.037559513	0.034103084	49.6625	0.016974056	0.0090182945	0.0590698	-0.0013990812	324000	3.2663344e-08	6.1217397e-06	-0.0029589827	-3.0372694e-06	0.2493005	0.0026278002	0.0285	79.0	7287.729686021805
81	0.033056717	0.0007707507	0.0345076	0.031521346	49.675	0.015571657	0.008226375	0.028928693	-0.0019979216	328000	1.9311905e-08	4.120164e-06	-0.004698155	-2.1748324e-06	0.23025149	0.008036437	0.042	79.0	7296.5193519592285
82	0.030418837	0.0007543591	0.03189168	0.029141696	49.6375	0.014398708	0.0076463143	0.05542844	-0.0015194155	332000	-3.242493e-08	4.2602464e-06	-0.00430786	-2.018376e-06	0.24458155	0.008595602	0.04875	79.0	7312.586612939835
83	0.027865827	0.0009821245	0.029409625	0.025091978	49.8875	0.012894931	0.0076411273	0.05363229	-0.002968192	336000	-1.1205673e-08	1.1510686e-05	-0.008793418	-2.3021394e-06	0.24941766	0.0075647337	0.04225	79.0	7327.427529096603
84	0.02567922	0.00076165516	0.027144264	0.022978948	49.6875	0.012314249	0.006715871	0.05142563	-0.002772309	340000	-7.629395e-09	7.5908274e-06	-0.0036836986	-2.0122898e-06	0.2348896	0.0053231698	0.0365	79.0	9230.432600021362
85	0.023827542	0.000679299	0.024984641	0.022022137	49.8625	0.011195874	0.0059975106	0.04892272	-0.0018606149	344000	-4.7683715e-09	4.024873e-06	-0.00847307	-1.053902e-06	0.24403745	0.0064737382	0.06275	79.0	9235.089418888092
86	0.021869872	0.00076888606	0.023058012	0.019289246	49.8125	0.010097486	0.005936159	0.046976432	-0.004379466	348000	-1.2397766e-08	7.4595755e-06	-0.006317584	-1.0770395e-06	0.24089225	0.0016210694	0.022	79.0	9242.320853948593
87	0.020166054	0.000620982	0.021224717	0.017938076	49.6125	0.009706879	0.0052581653	0.045543026	-0.004259724	352000	6.9141386e-09	4.6239197e-06	-0.005541035	-1.179455e-06	0.24829677	0.006279665	0.0345	79.0	9252.944784164429
88	0.01851646	0.00077045115	0.019646645	0.015075527	49.8125	0.008517664	0.0055218204	0.0736722	-0.01978729	356000	1.2397766e-08	1.0697021e-05	-0.005120841	-1.589503e-06	0.2562686	0.002862848	0.0275	79.0	9264.488637208939
89	0.017179757	0.00054559676	0.018039864	0.014716745	49.6375	0.008244671	0.0045320974	0.04224731	-0.019951299	360000	-1.5735626e-08	4.1368903e-06	-0.008460304	-7.800352e-07	0.25219694	0.0066472585	0.04425	79.0	9276.16913819313
90	0.015906328	0.00039900333	0.016626323	0.014786584	49.6875	0.007495989	0.0042492426	0.040942572	-0.056001462	364000	6.556511e-09	3.2320772e-06	-0.0049504223	-2.1577398e-06	0.26388216	0.009941994	0.05425	79.0	9288.172351837158
91	0.014618042	0.00047924183	0.015327516	0.012927312	49.75	0.0067842905	0.0039929575	0.03954358	-0.006626148	368000	-6.6757204e-09	3.9490587e-06	-0.005549061	-4.4286753e-07	0.28141716	0.00844064	0.03275	79.0	9301.840984106064
92	0.013534075	0.0003996877	0.014180639	0.011398108	49.8	0.0063745813	0.0034891493	0.038402386	-0.02288162	372000	2.2649764e-09	2.4634235e-06	-0.007938778	-4.0106897e-07	0.27029327	0.0046656164	0.0415	79.0	9315.695057153702
93	0.012484668	0.00031348655	0.013043783	0.01190555	49.6375	0.005965604	0.0030514803	0.010728363	-0.00036805496	376000	-3.3974647e-08	6.274277e-07	-0.0037792854	-3.8244144e-07	0.27143005	0.0049157343	0.0505	79.0	9328.994400024414
94	0.011533883	0.00029032733	0.0120479595	0.010845152	49.775	0.0054152505	0.0028786615	0.03744344	-0.001224298	380000	4.1246413e-08	6.516553e-07	-0.0064180144	-2.2229591e-07	0.26475942	0.010050245	0.06075	79.0	9340.972454071045
95	0.010633934	0.0003084029	0.011104085	0.009424361	49.85	0.0049716895	0.0027440714	0.036854133	-0.008067384	384000	-2.360344e-08	1.1381647e-06	-0.0054559777	-1.7587865e-07	0.2619055	0.0050680926	0.0255	79.0	9352.953238010406
96	0.009832583	0.00023111053	0.010246049	0.009421902	49.8875	0.0046471483	0.002423751	0.008430276	-0.0009993427	388000	-1.9550324e-08	3.3359228e-07	-0.0073147644	-1.8971335e-07	0.24406666	0.13972159	0.09075	79.0	9364.960913181305
97	0.0090629775	0.00022574511	0.009444828	0.008374432	49.9875	0.004273258	0.0022520716	0.03595579	-0.0035577975	392000	-9.536744e-10	5.174792e-07	-0.0047032423	-1.5317198e-07	0.2604723	0.004945202	0.02475	79.0	9376.491708040237
98	0.0083564175	0.00019751998	0.008713269	0.008018664	49.925	0.0039176075	0.0021255568	0.0353402	-0.0009758957	396000	4.768372e-10	4.5065417e-07	-0.004956288	-1.2188488e-07	0.25461784	0.009465743	0.0505	79.0	9387.514781236649
99	0.007652236	0.0003217294	0.008032438	0.005771557	50.07595	0.0034182435	0.0035576024	0.110309154	-0.025932018	400000	3.4570693e-09	9.20233e-06	-0.005571631	-1.5729174e-06	0.2701232	0.004121602	0.00825	79.0	9398.152787208557
100	0.0071032573	0.00021582267	0.0074315737	0.005832921	50.037975	0.0034407373	0.0022162092	0.03435351	-0.025891557	404000	7.152557e-09	2.1120572e-06	-0.008718938	-2.7278622e-07	0.25481457	0.0070482427	0.046	79.0	9409.653880119324
101	0.0065579787	0.00017848896	0.00683819	0.0057699317	50.0	0.0031180647	0.0018264225	0.03383512	-0.008850865	408000	9.775162e-09	9.2517087e-07	-0.0057615126	-1.1335368e-07	0.25250286	0.011303852	0.04	79.0	9421.242742061615
102	0.006066701	0.00013983442	0.0063144844	0.0058322665	49.9875	0.0028587847	0.001516686	0.005208388	-0.0014130622	412000	-7.033348e-09	1.775956e-07	-0.0047611147	-9.286547e-08	0.26733038	0.012072321	0.07725	79.0	9432.39628314972
103	0.005589542	0.00013023634	0.0058182124	0.005376785	49.95	0.0026279907	0.0013833918	0.0048250183	-0.0009630844	416000	4.3988226e-08	1.3590454e-07	-0.0034768963	-6.376408e-08	0.2875504	0.009722675	0.02825	79.0	9443.52120423317
104	0.005155557	0.000120810815	0.0053675855	0.004942005	49.9875	0.0024179358	0.0012684991	0.0044341832	-0.000905931	420000	4.768372e-10	1.0875283e-07	-0.002322926	-4.7442867e-08	0.2798268	0.0030407615	0.02475	79.0	9454.584856987
105	0.0047527305	0.00010809628	0.004947251	0.0045718593	49.975	0.0022292777	0.0011799734	0.0040926747	-0.00081149116	424000	2.026558e-08	9.621782e-08	-0.004763156	-4.046877e-08	0.28325284	0.0072255274	0.0485	79.0	9465.600551128387
106	0.0043797363	0.00010235192	0.0045657563	0.004197931	50.0	0.0020656115	0.0010748771	0.0037761927	-0.0007663518	428000	1.3351441e-08	8.379634e-08	-0.0028204173	-3.605791e-08	0.3061744	0.0069997883	0.056	79.0	9476.29312825203
107	0.004046534	9.289483e-05	0.0042166794	0.0038757462	50.0	0.0018886084	0.0010169855	0.0034760125	-0.00073362514	432000	-1.1444092e-08	8.030105e-08	-0.0027926504	-2.9853545e-08	0.3001274	0.0054660644	0.025	79.0	9487.612349033356
108	0.0037302047	8.969284e-05	0.0038837513	0.003490015	49.9875	0.0017284367	0.0010732214	0.0047454163	-0.018710531	436000	3.156066e-08	3.023841e-07	-0.0018197725	-2.2672509e-07	0.3039238	0.010061668	0.04325	79.0	9499.153903961182
109	0.003440231	7.85411e-05	0.0035818897	0.0032947436	50.0	0.0016159752	0.0008429903	0.0029947013	0.00021804869	440000	-2.4795533e-08	6.7416536e-08	-0.002315014	-2.109109e-08	0.29258737	0.009936388	0.14725	79.0	9510.258609056473
110	0.0031802144	7.42027e-05	0.003322438	0.0030392334	50.0	0.0014893138	0.0007903391	0.0027379952	7.0061535e-05	444000	2.002716e-08	6.049147e-08	-0.0022745337	-1.770158e-08	0.30331334	0.0067925686	0.04025	79.0	9521.390197992325
111	0.0029316756	7.261591e-05	0.0030586466	0.002704252	49.9875	0.0013865363	0.00087198935	0.031222306	-0.00039551407	448000	-6.6757204e-09	2.6883953e-07	-0.004266656	-2.1774952e-08	0.3005079	0.006479557	0.04825	79.0	9532.687932014465
112	0.0027060765	6.3297004e-05	0.0028142843	0.002594572	49.9875	0.0012650777	0.0008262727	0.030839648	-0.0017149188	452000	9.417534e-09	2.587154e-07	-0.0041907337	-1.541423e-08	0.28062892	0.008634517	0.06575	79.0	9544.136933088303
113	0.002495796	6.028435e-05	0.0026040263	0.002374166	49.9875	0.0011644443	0.0006263658	0.0021424592	-9.328127e-05	456000	6.9141386e-08	4.373316e-08	-0.0027156754	-1.066746e-08	0.28517586	0.006752915	0.05725	79.0	9555.284134149551
114	0.002298501	5.7031873e-05	0.002400571	0.0020950818	49.975	0.0010705829	0.0006583682	0.0035891943	-0.011528123	460000	1.1920929e-08	1.1508657e-07	-0.003141812	-6.464775e-08	0.29618406	0.0078637395	0.05225	79.0	9566.359832048416
115	0.0021188245	5.411141e-05	0.0022117917	0.0019123785	50.012657	0.00096319424	0.001018745	0.03037563	-0.012097657	464000	-7.629395e-09	7.8427627e-07	-0.0046900683	-2.5880638e-08	0.3024062	0.012140956	0.0765	79.0	13474.698175907135
116	0.0019565874	4.613934e-05	0.0020348371	0.0018295562	50.012657	0.00096191047	0.00083061063	0.030238274	-0.005558785	468000	7.7486035e-09	4.79213e-07	-0.0049917526	-3.3489044e-08	0.31496045	0.0066299983	0.049	79.0	13479.716418027878
117	0.0018097609	4.099391e-05	0.0018800043	0.0017406576	49.9875	0.0008354578	0.0004616308	0.0015445612	-0.000118557364	472000	-2.002716e-08	3.6484685e-08	-0.002466381	-7.065797e-09	0.29449287	0.0075106905	0.06025	79.0	13490.738661050797
118	0.0016673213	3.9451774e-05	0.0017362643	0.0015995982	50.0	0.00078480766	0.00043269564	0.0014883727	-8.739531e-05	476000	8.34465e-09	3.224442e-08	-0.003924455	-5.95586e-09	0.2880969	0.008525634	0.05275	79.0	13507.267920017242
119	0.0015404497	3.565684e-05	0.0016023315	0.0014791955	50.0	0.000720909	0.00040654888	0.0013936535	-0.00031309575	480000	-2.2649765e-08	3.1118812e-08	-0.0019011539	-4.8507545e-09	0.28075266	0.008018966	0.0395	79.0	13521.110394001007
120	0.0014172745	4.5504225e-05	0.0014772137	0.0011460305	50.050632	0.0006025179	0.001466506	0.029470913	-0.029571272	484000	-1.0490417e-08	2.0207337e-06	-0.0050907396	-1.595256e-07	0.28739277	0.006650718	0.049	79.0	13550.38425207138
121	0.0013117933	3.0437288e-05	0.001367103	0.001261034	49.9875	0.0006744331	0.00037217207	0.0012921169	-0.00048591942	488000	1.3411046e-09	5.922075e-08	-0.003017085	-3.213314e-08	0.29260364	0.004685087	0.0355	79.0	13555.397582054138
122	0.0012094143	2.8064487e-05	0.0012611033	0.0011610914	49.9875	0.00056989345	0.00033155852	0.0010747239	-0.0005938038	492000	2.3961068e-08	2.8512448e-08	-0.0023742015	-5.373998e-09	0.29586643	0.0063716616	0.0515	79.0	13565.50685095787
123	0.001115545	2.602588e-05	0.0011642505	0.0010705589	49.9875	0.0005218016	0.00031167993	0.001028195	-0.0006388873	496000	-7.152557e-09	2.535884e-08	-0.00336739	-2.9133922e-09	0.28957632	0.0070695626	0.06725	79.0	13581.21562409401
124	0.0010298764	2.4180823e-05	0.0010711468	0.0009797954	49.9625	0.00047704508	0.00030065945	0.0009705052	-0.0004857555	500000	-1.2397766e-08	2.6482045e-08	-0.0028698484	-2.7568845e-09	0.2847114	0.005792264	0.0375	79.0	13595.055907964706
125	0.00094936957	2.1761678e-05	0.0009890242	0.00091227505	49.9875	0.00044896663	0.00027573074	0.0009124726	-0.00063996017	504000	-2.5510788e-08	2.4172138e-08	-0.0050976994	-2.466983e-09	0.29891017	0.010825061	0.0605	79.0	18386.345227003098
126	0.0008749378	1.9908452e-05	0.0009116594	0.00084176287	49.925	0.00040902544	0.00026533313	0.00085245445	-0.0007186048	508000	-3.0994416e-09	2.4345518e-08	-0.0028411346	-2.0359998e-09	0.29219827	0.010019537	0.0775	79.0	18391.712529182434
127	0.0008068434	1.8965253e-05	0.0008401979	0.00077601447	49.9625	0.00038097132	0.00024568033	0.0007996112	-0.00069616735	512000	1.859665e-08	2.219765e-08	-0.004164094	-1.7115784e-09	0.30288407	0.018084744	0.102	79.0	18401.705765008926
128	0.0007429752	1.767545e-05	0.0007718943	0.0007084681	49.9875	0.00035358008	0.00022626253	0.00074963644	-0.00034738705	516000	-7.033348e-09	2.061085e-08	-0.0036150976	-1.4377424e-09	0.32317418	0.0065421513	0.0385	79.0	18414.562559843063
129	0.00068561255	1.5625606e-05	0.00071348104	0.0006594967	49.9875	0.00031930525	0.00022021207	0.000702437	-0.0005076565	520000	1.1771918e-08	2.0235596e-08	-0.0036303825	-1.0082779e-09	0.31883875	0.009721949	0.06875	79.0	18427.747085094452
130	0.0006314699	1.478509e-05	0.00066180923	0.0006067858	50.0	0.00029988337	0.00020400109	0.0006618425	-0.00040260702	524000	0.0	1.9311436e-08	-0.0016960549	-1.0025989e-09	0.34946072	0.007070257	0.08025	79.0	22822.4571621418
131	0.0005825289	1.3256724e-05	0.0006054949	0.0005602533	50.0	0.0002741043	0.00019571719	0.0006217025	-0.00030845776	528000	1.6689301e-09	1.8759062e-08	-0.0016910704	-7.589769e-10	0.35641438	0.006564692	0.02625	79.0	22827.94731616974
132	0.0005374831	1.2635404e-05	0.0005592501	0.0005159425	50.0	0.00025087374	0.0001875331	0.0005849935	-0.00022092089	532000	6.9141386e-09	1.8684581e-08	-0.0021904772	-6.0387784e-10	0.35287908	0.015325583	0.0705	79.0	22837.54644703865
133	0.0004960295	1.15762805e-05	0.0005166024	0.00047447972	50.0	0.00023130554	0.00018074046	0.0005520433	-0.0002347678	536000	-1.4781952e-08	1.801029e-08	-0.0036501354	-4.6580695e-10	0.36961317	0.01226469	0.06275	79.0	22850.271282196045
134	0.0004586738	1.0571068e-05	0.00047780425	0.00044094847	50.0	0.00021011871	0.00017908344	0.0005218759	-0.0004150197	540000	-3.0994414e-08	1.8642629e-08	-0.0026779003	-4.5803006e-10	0.36813748	0.012822177	0.05175	79.0	22862.94908094406
135	0.00042255706	9.8874e-06	0.00044167842	0.00040447456	50.0	0.00020052899	0.00016768953	0.00049445406	-0.0002748035	544000	2.5272369e-08	1.8180915e-08	-0.0034596408	-4.5953286e-10	0.39153424	0.008623711	0.04525	79.0	26247.136082172394
136	0.0003904914	9.152343e-06	0.0004059853	0.0003748052	50.0	0.00018000374	0.00016654491	0.00046708435	-0.00032082945	548000	-2.1457673e-08	1.8365947e-08	-0.00403006	-3.4134295e-10	0.3923999	0.0137614375	0.08475	79.0	26251.796185016632
137	0.0003601758	8.623691e-06	0.00037661518	0.00034445824	50.0	0.00016846471	0.00016027238	0.0004437752	-0.00050373	552000	-1.168251e-08	1.8115305e-08	-0.0029912733	-2.700702e-10	0.4002314	0.007154899	0.02325	79.0	26257.058887004852
138	0.0003327739	7.768161e-06	0.00034582338	0.0003180036	50.0	0.000154526	0.00015883219	0.00042273104	-0.00039564073	556000	-8.970499e-09	1.8119158e-08	-0.0043399255	-2.9130476e-10	0.3961734	0.010596672	0.044	79.0	26266.397658109665
139	0.00030703997	7.094771e-06	0.00031914708	0.00029533464	50.0	0.00014440784	0.0001544542	0.00040293857	-0.0005127378	560000	1.2874604e-08	1.8172404e-08	-0.004104638	-2.8437874e-10	0.38424465	0.019784138	0.096	79.0	26278.16410112381
140	0.00028338874	6.6904904e-06	0.00029489739	0.00027150518	50.0	0.00013210377	0.00015062265	0.00038267672	-0.00061006844	564000	-2.0503998e-08	1.7834044e-08	-0.0024950306	-2.0680346e-10	0.40846226	0.011283626	0.121	79.0	26291.633677005768
141	0.00026152935	6.1628934e-06	0.00027295784	0.00025079196	50.0	0.000122514	0.0001479753	0.00036663562	-0.0005012378	568000	-6.9141386e-09	1.7709608e-08	-0.0027394781	-1.946674e-10	0.41244268	0.007812658	0.07225	79.0	26304.53878712654
142	0.00024129059	5.620498e-06	0.0002516164	0.00023086769	50.0	0.000113277434	0.00014508297	0.00035079196	-0.0003863983	572000	1.4305114e-08	1.7606498e-08	-0.0016913626	-1.8148505e-10	0.4160892	0.0072888616	0.034	79.0	26317.769235134125
143	0.0002228253	5.1605953e-06	0.00023193628	0.00021446009	50.0	0.00010230711	0.00014349612	0.0003352575	-0.00039728358	576000	-2.0861625e-08	1.7530885e-08	-0.0020237109	-1.4149037e-10	0.40495783	0.0077919485	0.038	79.0	26330.472112178802
144	0.00020570851	4.759354e-06	0.0002138191	0.00019747876	50.0	9.4631374e-05	0.00014244042	0.0003222339	-0.00049440935	580000	5.00679e-08	1.7636761e-08	-0.0037254042	-1.5297807e-10	0.4018871	0.009299583	0.0335	79.0	26342.63282608986
145	0.0001898446	4.387897e-06	0.0001983747	0.00018179737	50.0	8.799819e-05	0.00014147906	0.00031000748	-0.00045427307	584000	-4.23193e-09	1.788865e-08	-0.0035714053	-1.5201174e-10	0.42402244	0.011310689	0.07175	79.0	26354.33592915535
146	0.00017529874	4.1159e-06	0.00018274653	0.00016819892	50.0	7.9909616e-05	0.00014026009	0.00029789656	-0.0004611984	588000	-1.2397766e-08	1.7539898e-08	-0.0021756112	-1.2372503e-10	0.4120089	0.0069965343	0.028	79.0	26366.216436862946
147	0.00016154588	3.732044e-06	0.00016822861	0.00015477912	50.0	7.700757e-05	0.00013658655	0.00028777495	-0.00043829903	592000	-2.0742416e-08	1.7196601e-08	-0.002460165	-1.271907e-10	0.42156574	0.010631729	0.04325	79.0	26377.406898021698
148	0.00014930152	3.4061593e-06	0.00015515748	0.00014336019	50.0	6.817095e-05	0.00013747836	0.00027938932	-0.0006578043	596000	-1.692772e-08	1.7313223e-08	-0.0019707351	-1.1092105e-10	0.4124291	0.0035413806	0.00825	79.0	26388.41436314583
149	0.0001379378	3.1869502e-06	0.00014415516	0.00013198155	50.0	6.2870335e-05	0.00013628199	0.0002695173	-0.00045244396	600000	-1.847744e-09	1.7196397e-08	-0.0022387714	-1.1135981e-10	0.4082206	0.0066006924	0.032	79.0	26399.378425121307
150	0.00012737018	2.9679002e-06	0.00013279071	0.00012249264	50.0	5.8779216e-05	0.00013565972	0.00026160106	-0.00048315898	604000	-2.4557114e-08	1.7276651e-08	-0.0022943788	-1.1243806e-10	0.40198776	0.008233215	0.12225	79.0	26410.06351518631
151	0.00011762141	2.646472e-06	0.00012255857	0.00011320367	50.0	5.301964e-05	0.00013544448	0.000253506	-0.0004664585	608000	7.510185e-09	1.7379918e-08	-0.002265053	-1.2638957e-10	0.39198932	0.008076888	0.02875	79.0	26421.0460190773
152	0.000108487766	2.4963786e-06	0.00011314024	0.00010449464	49.9875	5.1596748e-05	0.00013362528	0.00024721771	-0.0006156489	612000	4.887581e-09	1.7080435e-08	-0.0024847875	-1.1281287e-10	0.39699382	0.010599666	0.07925	79.0	26432.27327990532
153	9.986467e-05	2.3118266e-06	0.00010360731	9.575072e-05	50.0	4.886592e-05	0.00013155969	0.00024045631	-0.0004769452	616000	8.8214875e-09	1.6800353e-08	-0.0034396201	-1.2290435e-10	0.41179806	0.015233872	0.06825	79.0	26443.442130088806
154	9.214075e-05	2.120754e-06	9.573073e-05	8.8488756e-05	50.0	4.4377863e-05	0.00013163863	0.0002363734	-0.00048049167	620000	5.722046e-09	1.6798264e-08	-0.0037334177	4.92102e-06	0.41673797	0.010209151	0.04125	79.0	26454.499845981598
155	8.5105814e-05	1.957121e-06	8.853505e-05	8.161632e-05	50.0	0.00068301044	0.00013293949	0.0008465275	0.00013952702	624000	-1.5687942e-07	4.3075826e-07	-0.000308877	-4.0984347e-07	0.4234167	0.0118513275	0.08725	79.0	26465.543009996414
156	7.8406745e-05	1.8010244e-06	8.138952e-05	7.533034e-05	50.0	3.1480813e-05	0.00012959988	0.00021178275	-0.0004944727	628000	-5.722046e-09	1.6507556e-08	-0.0029415763	2.5451126e-09	0.40635583	0.010970352	0.0535	79.0	26481.01442193985
157	7.234227e-05	1.729491e-06	7.557542e-05	6.93042e-05	50.0	9.3410206e-05	0.00013018113	0.00027551502	-0.0004281476	632000	-6.198883e-09	2.0469948e-08	-0.0021759423	2.5692123e-07	0.40835547	0.0072776875	0.04975	79.0	26494.314341068268
158	6.680156e-05	1.5529699e-06	6.948338e-05	6.397854e-05	50.0	0.00033574202	0.0001282302	0.0004995428	-0.00027722493	636000	5.2928925e-08	1.09384075e-07	-0.00233406	-9.259305e-08	0.41336676	0.011987266	0.103	79.0	26506.362168073654
159	6.171062e-05	1.4242995e-06	6.4505526e-05	5.918085e-05	50.0	4.187835e-05	0.00012761733	0.00021693483	-0.00047614798	640000	1.9550324e-08	1.6255688e-08	-0.002099967	1.34141e-05	0.41114303	0.0095543815	0.03425	79.0	26517.858936071396
160	5.705474e-05	1.3203514e-06	5.9392307e-05	5.4694305e-05	50.0	0.004590784	0.00017264835	0.0047219284	0.0038826652	644000	-1.4305115e-07	2.0634327e-05	0.00037309979	-2.041408e-05	0.40927014	0.011117306	0.0665	79.0	26529.291233062744
161	5.2759373e-05	1.2145508e-06	5.498248e-05	5.080388e-05	49.9875	-8.4969026e-05	0.00012803833	7.9933554e-05	-0.0008948408	648000	-1.0609627e-08	2.7784981e-08	-0.0016104578	-1.1799173e-08	0.4333575	0.008592621	0.034	79.0	26540.797528982162
162	4.8650334e-05	1.130384e-06	5.064895e-05	4.6633886e-05	50.0	1.8965095e-05	0.00012580445	0.0001876913	-0.0004938282	652000	2.4437904e-08	1.5658827e-08	-0.002583716	4.6628024e-06	0.42316654	0.013196376	0.0605	79.0	26551.906764030457
163	4.4816472e-05	1.054859e-06	4.6663747e-05	4.3066833e-05	49.9875	-0.001276754	0.00014997843	0.00043560192	-0.0032972582	656000	8.848682e-08	1.7014053e-06	-0.0074731563	-1.6816226e-06	0.41099858	0.01691887	0.1185	79.0	26563.01596713066
164	4.1339965e-05	9.744283e-07	4.311617e-05	3.9686904e-05	50.0	-1.1931725e-05	0.00012407066	0.00015034154	-0.0005943291	660000	-1.7404556e-08	1.618799e-08	-0.0020742884	5.130456e-06	0.37993604	0.007823389	0.03825	79.0	26574.1137239933
165	3.8223243e-05	8.8575035e-07	3.9839553e-05	3.670296e-05	50.0	0.0028292856	0.0001398418	0.0029653758	0.0022954792	664000	-1.3446808e-07	7.838164e-06	-0.0048815086	-7.743332e-06	0.36349005	0.00936129	0.0505	79.0	26585.36906313896
166	3.5262336e-05	8.1928255e-07	3.672768e-05	3.374529e-05	50.0	9.083682e-05	0.0001229399	0.00024487823	-0.00041867048	668000	2.3126603e-08	2.074054e-08	-0.0017193025	-5.729005e-09	0.39001334	0.00755109	0.08025	79.0	26596.87064099312
167	3.255644e-05	7.447737e-07	3.3891043e-05	3.131173e-05	50.0	1.1293463e-05	0.00012291135	0.00017317384	-0.00049156696	672000	-1.4305114e-08	1.5036257e-08	-0.004981679	4.3294315e-07	0.40013477	0.011387504	0.091	79.0	26608.476164102554
168	3.0054256e-05	6.8965323e-07	3.129541e-05	2.8876724e-05	50.0	-0.00016331786	0.0001238091	-5.9977174e-06	-0.00066066533	676000	-6.2942505e-08	4.583608e-08	-0.003071485	-3.0928483e-08	0.39358857	0.0065774466	0.074	79.0	26619.98051595688
169	2.775987e-05	6.350907e-07	2.9000179e-05	2.6593818e-05	50.0	8.103475e-07	0.00012181442	0.0001590997	-0.0004956871	680000	-9.536744e-10	1.4882184e-08	-0.0036345443	7.0246937e-09	0.39342493	0.013206274	0.10975	79.0	26631.459279060364
170	2.5562218e-05	6.0642054e-07	2.661208e-05	2.4567857e-05	50.0	0.00011898409	0.00012050248	0.00027531758	-0.00037955865	684000	1.1205673e-08	2.603001e-08	-0.003595081	1.4132716e-07	0.3981919	0.0098536555	0.03875	79.0	26642.654582977295
171	2.363654e-05	5.5264053e-07	2.4642639e-05	2.2648974e-05	50.0	-0.0004742974	0.00012227413	-0.00031942502	-0.0009694733	688000	-1.001358e-07	2.4678113e-07	-0.008722137	-2.304568e-07	0.38866618	0.021347232	0.182	79.0	26654.191305160522
172	2.1795708e-05	5.070393e-07	2.2760809e-05	2.0881072e-05	50.0	7.640183e-06	0.00012009349	0.00016020983	-0.0004820004	692000	-3.6239623e-08	1.4385944e-08	-0.00355586	-1.1132073e-10	0.38399145	0.00985325	0.0795	79.0	26665.870541095734
173	2.0103853e-05	4.7048036e-07	2.08973e-05	1.9265342e-05	50.0	1.0236062e-05	0.00011936874	0.00016503036	-0.00047646463	696000	2.8610229e-08	1.4223642e-08	-0.0034713366	1.6376343e-06	0.3884832	0.007821686	0.03125	79.0	26678.074043035507
174	1.857464e-05	4.251996e-07	1.9344594e-05	1.7786988e-05	50.0	0.0022031746	0.00012542703	0.002327256	0.0016473159	700000	1.0371208e-07	4.777705e-06	-0.003531941	-4.7256626e-06	0.3949173	0.0050468645	0.0745	79.0	26691.030742883682
175	1.7150034e-05	3.9928565e-07	1.7878714e-05	1.6453881e-05	50.0	4.862365e-05	0.000118232965	0.00019326806	-0.0004657209	704000	1.7881393e-09	1.5660996e-08	-0.0019290588	-1.7702302e-09	0.39040658	0.01112656	0.02	79.0	26703.60287618637
176	1.5814247e-05	3.6632758e-07	1.6492208e-05	1.5194215e-05	50.0	1.0591649e-05	0.00011810917	0.00016202778	-0.00046814233	708000	-5.2452087e-09	1.3946544e-08	-0.0027286855	1.6673505e-06	0.38210884	0.009387815	0.0775	79.0	26716.191169023514
177	1.46153325e-05	3.4300618e-07	1.5200862e-05	1.4027971e-05	50.0	0.0011472723	0.00012024113	0.0012601689	0.0005664304	712000	-2.143383e-07	1.301036e-06	-0.0018925145	-1.2766064e-06	0.37276492	0.002265976	0.01975	79.0	26727.974252939224
178	1.350435e-05	3.1373597e-07	1.4100374e-05	1.2950037e-05	50.0	-5.6717918e-06	0.00011684331	0.00013976917	-0.0004797615	716000	4.1902066e-08	1.3764072e-08	-0.0023612245	4.5601567e-10	0.38085362	0.0074748625	0.09125	79.0	26739.046366214752
179	1.2450628e-05	2.887367e-07	1.2981209e-05	1.19488495e-05	50.0	-2.5365785e-05	0.00011673674	0.00012439862	-0.000494685	720000	-8.523465e-09	1.4542751e-08	-0.0031898865	1.1386447e-10	0.3907281	0.011040626	0.0295	79.0	26750.15603017807
180	1.1498045e-05	2.667353e-07	1.1984521e-05	1.1040372e-05	50.0	0.00041400694	0.000116990006	0.0005485825	-0.00017129257	724000	-3.8266183e-08	1.7901117e-07	-0.0027600846	-1.6434909e-07	0.3767099	0.013725822	0.13725	79.0	26761.650992155075
181	1.0601599e-05	2.4384966e-07	1.104299e-05	1.0190027e-05	50.0	9.431295e-06	0.000115019044	0.00015221536	-0.00045512617	728000	1.1920929e-09	1.3245959e-08	-0.0032538078	-1.1710455e-10	0.3665457	0.014915898	0.14725	79.0	26773.133823156357
182	9.77737e-06	2.2318386e-07	1.017974e-05	9.3873e-06	50.0	2.3768544e-06	0.00011507018	0.00014962256	-0.00047554076	732000	6.6757204e-09	1.3235683e-08	-0.0012253072	1.432609e-06	0.36987627	0.00784813	0.04725	79.0	26783.904696941376
183	9.032018e-06	2.1315991e-07	9.418532e-06	8.67822e-06	50.0	0.0016803374	0.00012019249	0.0017836206	0.0010497682	736000	-4.553795e-08	2.7916776e-06	-0.0031074868	-2.755566e-06	0.38178024	0.009757938	0.0415	79.0	26790.256255865097
184	8.343249e-06	1.9180914e-07	8.676787e-06	8.024166e-06	50.0	-7.611744e-06	0.000113837836	0.00013002381	-0.00046378747	740000	-5.00679e-09	1.30788305e-08	0.0080158375	-2.1607782e-10	0.36587605	0.16859372	0.16125	8.0	26794.565482854843
185	7.698968e-06	1.8039566e-07	8.0059845e-06	7.37397e-06	50.0	1.3099461e-06	0.00011343032	0.00014559925	-0.00045017898	744000	1.7166137e-08	1.2862678e-08	-0.004080195	5.674821e-06	0.31052944	0.01318563	0.09475	79.0	26799.572031974792
186	7.101793e-06	1.6450831e-07	7.3853294e-06	6.8079507e-06	50.0	0.0009965099	0.000116867486	0.0011346973	0.00010016933	748000	-1.1968612e-07	9.889617e-07	-0.00016265178	-9.616167e-07	0.3168226	0.004597189	0.01575	79.0	26804.819241285324
187	6.5644767e-06	1.5201678e-07	6.8519566e-06	6.30151e-06	50.0	-2.8611757e-05	0.000112975795	0.00010598451	-0.00047614425	752000	2.4020672e-08	1.3734093e-08	-0.00552899	-1.0889298e-09	0.305027	0.09740617	0.0885	79.0	26809.810767173767
188	6.053267e-06	1.436106e-07	6.3332136e-06	5.781071e-06	50.0	2.723336e-07	0.00011353099	0.00014225394	-0.0006176159	756000	-2.2411346e-08	1.2887744e-08	-0.0064368793	4.1710044e-07	0.31057417	0.15479746	0.26425	28.0	26813.985980033875
